
=========================================================================
Statistic          N        Mean        St. Dev.     Min        Max      
-------------------------------------------------------------------------
sex              32,177     0.479         0.500       0          1       
age              32,177    34.399        20.881       0         106      
relab            16,682     2.273         1.553       1          9       
y_total_m        14,868 1,608,661.000 2,425,243.000 84.000 70,000,000.000
ocu              32,177     0.518         0.500       0          1       
totalHoursWorked 16,682    47.242        15.806       1         130      
p6210            31,066     4.547         1.324       1          9       
sizeFirm         16,682     3.144         1.647       1          5       
informal         16,682     0.418         0.493       0          1       
-------------------------------------------------------------------------
