
===========================================================================
Statistic            N        Mean        St. Dev.     Min        Max      
---------------------------------------------------------------------------
y_total_m          14,755 1,618,309.000 2,431,853.000 84.000 70,000,000.000
age                14,755    38.894        13.194       18         91      
total_hours_worked 14,755    47.616        15.153       1         130      
relab              14,755     2.136         1.446       1          5       
p6210              14,755     4.999         1.087       1          9       
size_firm          14,755     3.214         1.653       1          5       
informal           14,755     0.397         0.489       0          1       
sex                14,755     0.527         0.499       0          1       
p6426              14,755    62.002        88.041       0         720      
---------------------------------------------------------------------------
